0,51
10,306
0,541
10,305
0,540
10,304
10,303
0,539
10,302
0,538
10,301
10,300
0,537
10,299
0,536
10,298
0,535
8,17
11,27
10,297
8,16
10,296
0,534
10,295
0,533
10,294
10,293
0,532
10,292
0,531
10,291
0,530
10,290
10,289
0,529
10,288
0,528
10,287
10,286
0,527
10,285
11,26
0,526
10,284
10,283
0,525
10,282
0,524
10,281
10,280
0,523
10,279
0,522
10,278
10,277
0,521
10,276
0,520
10,275
9,7
10,274
0,519
10,273
0,518
10,272
0,517
10,271
10,270
11,25
0,516
10,269
0,515
10,268
10,267
0,514
10,266
0,513
10,265
10,264
0,512
10,263
8,15
0,511
10,262
10,261
0,510
10,260
0,509
10,259
10,258
0,508
10,257
0,507
10,256
11,24
0,506
10,255
10,254
0,505
10,253
0,504
10,252
10,251
0,503
10,250
11,23
0,502
10,249
0,501
10,248
10,247
0,500
10,246
0,499
10,245
10,244
0,498
10,243
0,497
10,242
10,241
0,496
10,240
0,495
10,239
8,14
0,494
10,238
10,237
11,22
0,493
10,236
0,492
10,235
10,234
0,491
10,233
0,490
10,232
8,13
10,231
0,489
10,230
0,488
10,229
10,228
0,487
10,227
0,486
10,226
10,225
0,485
10,224
0,484
10,223
11,21
10,222
0,483
10,221
0,482
10,220
0,481
10,219
10,218
0,480
10,217
0,479
10,216
0,478
10,215
11,20
10,214
0,477
10,213
0,476
10,212
10,211
0,475
10,210
0,474
10,209
8,12
10,208
0,473
10,207
0,472
10,206
0,471
10,205
10,204
0,470
10,203
0,469
10,202
11,19
10,201
0,468
10,200
0,467
10,199
0,466
10,198
10,197
